%YAML:1.0
---
image_width: 3280
image_height: 2464
camera_matrix: !!opencv-matrix
   rows: 3
   cols: 3
   dt: d
   data: [ 2593.9360512686867, 0., 1617.6220679191019, 0.,
       2593.4811283437789, 1253.3458534313968, 0., 0., 1. ]
distortion_coefficients: !!opencv-matrix
   rows: 1
   cols: 5
   dt: d
   data: [ 0.21661795687998772, -0.57331906781720499,
       0.00068513995380295337, 0.00040876092413139059,
       0.45198838437278421 ]
