%YAML:1.0
---
aruco_bc_dict: ARUCO_MIP_36h12
aruco_bc_nmarkers: 7
aruco_bc_mInfoType: 1
aruco_bc_markers:
   - { id:0, corners:[ [ 2.7985906600952148, 0.005055062472820282,
       0.056292060762643814 ], [ 2.9684827327728271,
       0.010302640497684479, 0.053255140781402588 ], [
       2.9737739562988281, -0.15959766507148743, 0.055681582540273666 ],
       [ 2.8038818836212158, -0.16484525799751282, 0.058718502521514893 ] ] }
   - { id:1, corners:[ [ 1.8056684732437134, 0.030010439455509186,
       0.040138214826583862 ], [ 1.9755328893661499,
       0.023378588259220123, 0.041582174599170685 ], [ 1.968908429145813,
       -0.1464899480342865, 0.040691114962100983 ], [ 1.7990440130233765,
       -0.13985809683799744, 0.03924715518951416 ] ] }
   - { id:2, corners:[ [ 0.86608493328094482, 0.054860871285200119,
       0.019772322848439217 ], [ 1.0359880924224854,
       0.055284317582845688, 0.025493020191788673 ], [
       1.0364372730255127, -0.11471341550350189, 0.024738205596804619 ],
       [ 0.86653405427932739, -0.11513686180114746, 0.019017508253455162 ] ] }
   - { id:3, corners:[ [ -0.085000000894069672, 0.085000000894069672, 0. ],
       [ 0.085000000894069672, 0.085000000894069672, 0. ], [
       0.085000000894069672, -0.085000000894069672, 0. ], [
       -0.085000000894069672, -0.085000000894069672, 0. ] ] }
   - { id:4, corners:[ [ -0.75873488187789917, -0.011955238878726959,
       -0.0016636911313980818 ], [ -0.58887767791748047,
       -0.0053627267479896545, -0.0039136409759521484 ], [
       -0.58219367265701294, -0.17507284879684448, 0.0034211066085845232 ],
       [ -0.75205087661743164, -0.18166536092758179,
       0.0056710559874773026 ] ] }
   - { id:5, corners:[ [ -1.1291325092315674, -0.022367097437381744,
       0.76516687870025635 ], [ -1.1384632587432861,
       -0.031949169933795929, 0.59569382667541504 ], [
       -1.1382009983062744, -0.20167869329452515, 0.60527598857879639 ],
       [ -1.1288702487945557, -0.19209662079811096, 0.7747490406036377 ] ] }
   - { id:6, corners:[ [ -1.0924075841903687, -0.0092831328511238098,
       1.5179412364959717 ], [ -1.0969970226287842,
       -0.010184265673160553, 1.3480055332183838 ], [
       -1.0962454080581665, -0.18018031120300293, 1.3488867282867432 ],
       [ -1.091655969619751, -0.17927917838096619, 1.5188224315643311 ] ] }
